Passo: 0
0.0 3.0 2.0 9.0 
1.0 -4.99995 0.0 -2.9998500000000003 
2.0 -0.49995 0.0 3.50015 

Passo: 1
0.6 0.0 2.0 7.200060000000001 
1.0 -4.99995 0.0 -2.9998500000000003 
1.9 0.0 0.0 3.8001900000000006 

Passo: 2
0.0 0.0 2.0 6.0000368421052634 
1.1102230246251565E-16 -5.0 0.0 -5.000005263157894 
1.9 0.0 0.0 3.8001900000000006 

Passo: 3
0.0 0.0 2.0 6.0000368421052634 
1.9 0.0 0.0 3.8001900000000006 
1.1102230246251565E-16 -5.0 0.0 -5.000005263157894 

Passo: 4
0.0 0.0 2.0 6.0000368421052634 
1.9 0.0 0.0 3.8001900000000006 
0.0 -5.0 0.0 -5.0 

Passo: 5
0.0 0.0 2.0 6.0000368421052634 
1.9 0.0 0.0 3.8001900000000006 
0.0 -5.0 0.0 -5.0 

